0
0.01967211383652044
0.03215661203140155
0.04286595939446503
0.05256413753657797
0.06157369240447634
0.07006994962801807
0.07816181410353008
0.08592287496786583
0.09340584799772267
0.1006501565843836
0.1076862750761902
0.1145383868745734
0.1212260974090904
0.1277655849638127
0.1341704008177098
0.1404520418052337
0.1466203701906495
0.152683928147607
0.1586501776754987
0.1645256866181453
0.1703162749769992
0.1760271314770071
0.1816629075073108
0.1872277936187311
0.1927255824070438
0.1981597206512771
0.203533352884672
0.2088493580704645
0.2141103806803317
0.2193188571928206
0.2244770388165005
0.22958701107984
0.2346507108040221
0.2396699408768334
0.2446463831686471
0.2495816098704228
0.2544770934848811
0.25933421566283
0.2641542750449372
0.2689384942434553
0.273688026077325
0.2784039591567141
0.2830873228987169
0.2877390920440014
0.2923601907342527
0.2969514962019068
0.3015138421166523
0.3060480216272359
0.31055479013207
0.3150348678078512
0.3194889419217337
0.3239176689494554
0.3283216765191141
0.3327015651979572
0.3370579101375297
0.341391262590776
0.3457021513131647
0.3499910838585782
0.3542585477795463
0.3585050117403821
0.3627309265508855
0.3669367261274883
0.371122828388021
0.3752896360856636
0.3794375375870993
0.3835669075994015
0.3876781078497587
0.3917714877217521
0.3958473848515618
0.3999061256871665
0.4039480260133304
0.4079733914449213
0.4119825178908831
0.4159756919909851
0.4199531915272924
0.4239152858121364
0.4278622360542192
0.431794295704352
0.4357117107822048
0.4396147201853413
0.4435035559817027
0.4473784436866256
0.4512396025253856
0.4550872456821916
0.4589215805364794
0.4627428088872972
0.4665511271665122
0.4703467266415176
0.4741297936080713
0.4779005095738511
0.4816590514332709
0.4854055916340673
0.4891402983361271
0.4928633355629969
0.4965748633464871
0.5002750378647541
0.5039640115742179
0.507641933335654
0.5113089485347703
0.5149651991975661
0.5186108241007482
0.5222459588774605
0.5258707361185732
0.529485285469758
0.5330897337245623
0.536684204913685
0.5402688203906437
0.5438436989140103
0.5474089567263828
0.5509647076302536
0.5545110630609206
0.5580481321565836
0.5615760218257592
0.5650948368121376
0.5686046797570019
0.572105651259321
0.5755978499336221
0.5790813724657435
0.5825563136665618
0.5860227665237844
0.5894808222518924
0.5929305703403135
0.5963720985999037
0.599805493207808
0.6032308387507712
0.6066482182669637
0.6100577132863835
0.6134594038698959
0.6168533686469652
0.6202396848521317
0.6236184283602884
0.6269896737208009
0.6303534941905207
0.6337099617657342
0.6370591472130895
0.6404011200995415
0.6437359488213529
0.6470637006321873
0.6503844416703314
0.6536982369850753
0.6570051505622868
0.6603052453492073
0.6635985832784999
0.6668852252915753
0.6701652313612253
0.6734386605135845
0.6767055708494497
0.6799660195649763
0.6832200629717747
0.6864677565164302
0.689709154799463
0.6929443115937517
0.6961732798624356
0.6993961117763168
0.7026128587307769
0.7058235713622263
0.7090282995641004
0.7122270925024211
0.715419998630934
0.7186070657058381
0.7217883408001217
0.7249638703175149
0.7281337000060739
0.7312978749714089
0.7344564396895631
0.7376094380195609
0.7407569132156295
0.7438989079391072
0.7470354642700481
0.7501666237185326
0.753292427235692
0.7564129152244574
0.7595281275500395
0.7626381035501504
0.765742882044972
0.7688425013468809
0.7719369992699363
0.7750264131391378
0.7781107797994606
0.7811901356246741
0.78426451652595
0.7873339579602673
0.7903984949386189
0.7934581620340259
0.7965129933893648
0.7995630227250137
0.8026082833463228
0.8056488081509124
0.8086846296358048
0.811715779904395
0.8147422906732642
0.8177641932788386
0.8207815186839023
0.8237942974839622
0.8268025599134754
0.829806335851938
0.8328056548298397
0.8358005460344919
0.8387910383157264
0.8417771601914726
0.8447589398532162
0.8477364051713389
0.8507095837003475
0.8536785026839907
0.8566431890602686
0.8596036694663386
0.8625599702433173
0.865512117440985
0.8684601368223912
0.8714040538683671
0.8743438937819451
0.8772796814926893
0.8802114416609371
0.8831391986819569
0.8860629766900217
0.888982799562401
0.8918986909232748
0.8948106741475689
0.8977187723647153
0.9006230084623393
0.9035234050898743
0.906419984662106
0.9093127693626499
0.9122017811473594
0.9150870417476709
0.9179685726738838
0.9208463952183789
0.9237205304587756
0.9265909992610301
0.929457822282475
0.9323210199748033
0.9351806125869958
0.9380366201681948
0.9408890625705253
0.9437379594518644
0.9465833302785597
0.9494251943280981
0.9522635706917277
0.9550984782770311
0.9579299358104529
0.9607579618397822
0.9635825747365908
0.9664037926986284
0.9692216337521751
0.9720361157543526
0.9748472563953958
0.9776550732008839
0.9804595835339324
0.9832608045973487
0.9860587534357491
0.9888534469376405
0.9916449018374655
0.9944331347176136
0.9972181620103983
1
