0
0.02559540560684527
0.04048389663113996
0.05293710787943281
0.06403281556134055
0.07421727669022983
0.08372988638122258
0.09271784854651752
0.1012798127134533
0.1094859535997838
0.1173884330619251
0.1250273560439319
0.1324343953466383
0.1396351160122392
0.1466505299456963
0.1534981724070696
0.1601928694427914
0.166747298716805
0.1731724082118089
0.1794777346939145
0.1856716499346857
0.1917615538604026
0.1977540280429699
0.2036549591021164
0.2094696389646957
0.2152028471016303
0.2208589185711082
0.2264418007677234
0.2319551010996938
0.2374021273155485
0.2427859218271098
0.2481092910922706
0.2533748309045452
0.2585849482693016
0.2637418804165216
0.2688477113978369
0.2739043866348223
0.2789137257211546
0.2838774337296056
0.2887971112331241
0.2936742632153772
0.2985103070184301
0.3033065794524897
0.3080643431738489
0.3127847924215763
0.3174690581904925
0.3221182129070902
0.3267332746658962
0.3313152110760457
0.335864942761285
0.3403833465510467
0.3448712583954825
0.3493294760332631
0.353758761437454
0.3581598430617565
0.3625334179067954
0.3668801534238717
0.3712006892716324
0.3754956389393971
0.3797655912493811
0.384011111748746
0.3882327440012533
0.3924310107872875
0.3966064152201174
0.4007594417854767
0.4048905573108446
0.4090002118701867
0.4130888396293637
0.4171568596369257
0.4212046765645687
0.4252326814011396
0.429241252103725
0.4332307542090427
0.4372015414080735
0.441153956086616
0.4450883298342159
0.4490049839237193
0.4529042297635066
0.4567863693242977
0.4606516955422661
0.4645004927000604
0.4683330367872013
0.4721495958412156
0.4759504302707536
0.4797357931618521
0.4835059305684062
0.487261081787846
0.4910014796229286
0.4947273506305021
0.4984389153580253
0.5021363885685793
0.505819979455052
0.5094898918441275
0.513146324390675
0.5167894707630826
0.5204195198200532
0.5240366557793396
0.5276410583788663
0.5312329030306582
0.5348123609679636
0.5383795993859425
0.5419347815762597
0.5454780670559065
0.5490096116905501
0.5525295678126972
0.5560380843349354
0.5595353068585018
0.5630213777774159
0.5664964363783959
0.5699606189367677
0.5734140588085619
0.5768568865189833
0.5802892298474283
0.5837112139092133
0.5871229612341698
0.5905245918422528
0.5939162233163003
0.5972979708720763
0.6006699474257188
0.6040322636587122
0.6073850280804948
0.6107283470888036
0.6140623250278611
0.6173870642444932
0.6207026651422721
0.6240092262337662
0.6273068441909794
0.6305956138940553
0.633875628478321
0.637146979379737
0.6404097563788207
0.6436640476431067
0.6469099397682022
0.6501475178174937
0.6533768653605618
0.6565980645103525
0.6598111959591558
0.6630163390134377
0.6662135716275708
0.669402970436505
0.6725846107874213
0.6757585667704031
0.678924911248168
0.6820837158848897
0.6852350511741476
0.6883789864660356
0.6915155899934593
0.6946449288976547
0.6977670692529526
0.7008820760908188
0.7039900134231949
0.7070909442651655
0.7101849306569732
0.7132720336854073
0.7163523135045861
0.7194258293561543
0.7224926395889162
0.7255528016779224
0.7286063722430306
0.7316534070669569
0.7346939611128352
0.7377280885413003
0.7407558427271124
0.7437772762753351
0.7467924410370853
0.7498013881248646
0.7528041679274904
0.7558008301246346
0.7587914237009873
0.7617759969600534
0.7647545975375963
0.7677272724147384
0.7706940679307297
0.7736550297953946
0.776610203101267
0.7795596323354229
0.7825033613910198
0.7854414335785526
0.7883738916368327
0.791300777743701
0.7942221335264806
0.7971380000721781
0.8000484179374407
0.8029534271582761
0.8058530672595418
0.8087473772642113
0.8116363957024234
0.81452016062032
0.8173987095886788
0.8202720797113483
0.8231403076334881
0.8260034295496216
0.8288614812115058
0.8317144979358239
0.8345625146117045
0.8374055657080731
0.8402436852808407
0.8430769069799317
0.8459052640561592
0.8487287893679489
0.8515475153879164
0.8543614742093013
0.8571706975522647
0.8599752167700491
0.8627750628550078
0.8655702664445069
0.8683608578267011
0.871146866946189
0.8739283234095495
0.8767052564907626
0.8794776951365187
0.882245667971417
0.8850092033030582
0.8877683291270324
0.8905230731318058
0.893273462703508
0.896019524930624
0.8987612866085898
0.9014987742442984
0.904232014060515
0.9069610320002053
0.9096858537307777
0.9124065046482437
0.9151230098812955
0.9178353942953055
0.9205436824962479
0.9232478988345444
0.9259480674088373
0.9286442120696889
0.9313363564232118
0.9340245238346301
0.9367087374317736
0.939389020108506
0.9420653945280891
0.9447378831264855
0.9474065081155982
0.9500712914864523
0.9527322550123164
0.955389420251769
0.9580428085517074
0.9606924410503027
0.9633383386799009
0.965980522169873
0.9686190120494121
0.9712538286502832
0.973884992109521
0.9765125223720829
0.9791364391934535
0.9817567621422039
0.9843735106025061
0.9869867037766038
0.9895963606872406
0.9922025001800452
0.9948051409258769
0.9974043014231302
1
