0,0,0
0.03290281189572866,0.02577356000794562,0.06111606221953067
0.05043241916536869,0.04073032599970986,0.08669481296554948
0.06474507912168403,0.05323231663713233,0.1063683699037603
0.0773012626073344,0.06436671750162599,0.1229789734838274
0.0886945176203439,0.07458345034635859,0.1376295535534992
0.09923926804516103,0.08412379235471402,0.1508864543846539
0.109126991916674,0.09313606511343375,0.1630864270442498
0.1184850003148642,0.1017196455035405,0.1744490518151965
0.1274032530641342,0.1099452126009109,0.1851269487118156
0.1359482315516032,0.1178652947382452,0.1952313020592431
0.1441707886838623,0.1255202729028962,0.2048460888577782
0.152110901025078,0.1329420338472099,0.2140365800225298
0.1598007017228238,0.1401563123408662,0.222854703101542
0.1672665003841801,0.1471842575581678,0.2313425763432562
0.1745301763018692,0.1540435176011085,0.2395349230695317
0.1816101681407902,0.1607490125794371,0.2474607716840572
0.1885221948026891,0.1673134995182696,0.2551446838580195
0.1952797919498201,0.1737479940668644,0.2626076617273425
0.2018947189120902,0.1800620912253047,0.2698678310551852
0.2083772724388672,0.1862642132969069,0.2769409644922759
0.2147365321950992,0.1923618043811738,0.2838408884363919
0.2209805553807461,0.1983614849221996,0.2905798036604229
0.2271165328412188,0.2042691759532078,0.2971685410501372
0.2331509156247679,0.2100902000341445,0.3036167678176956
0.2390895185747552,0.215829364040235,0.3099331554329475
0.2449376058722724,0.2214910276578306,0.3161255176173162
0.2506999622445074,0.2270791605080647,0.3222009246767223
0.2563809526806541,0.2325973901362988,0.3281657989515831
0.26198457285274,0.2380490426009335,0.3340259950617371
0.2675144919575768,0.2434371770178794,0.3397868678063173
0.272974089332716,0.2487646151316156,0.3454533299637055
0.2783664859220867,0.2540339667656884,0.3510299017694898
0.2836945714534511,0.2592476518372453,0.3565207534918639
0.2889610280238315,0.2644079194892182,0.3619297422463275
0.2941683506589617,0.2695168647909535,0.367260443974785
0.299318865310044,0.2745764433767536,0.3725161813435152
0.3044147446693048,0.2795884843269767,0.3777000481791777
0.3094580221203107,0.2845547015443421,0.3828149309539637
0.3144506040861504,0.2894767038360916,0.3878635277441397
0.3193942809957048,0.2943560038785357,0.3928483650159671
0.3242907370532221,0.2991940262126393,0.3977718125358202
0.3291415589676943,0.30399211439639,0.4026360966545491
0.3339482437748358,0.3087515374207783,0.4074433121776718
0.338712205864828,0.3134734954805228,0.4121954330011791
0.3434347833126357,0.3181591251775814,0.4168943216663343
0.3481172435940193,0.3228095042245359,0.4215417379648171
0.3527607887588727,0.3274256557057142,0.4261393467071031
0.3573665601238244,0.3320085519461397,0.4306887247514474
0.3619356425378275,0.3365591180317969,0.435191367377721
0.3664690682674927,0.3410782350190952,0.4396486940792354
0.3709678205429659,0.3455667428666227,0.4440620538362332
0.3754328368000643,0.350025443118181,0.4484327299266436
0.3798650116500137,0.3544551013625662,0.4527619443227948
0.3842651996043666,0.3588564494925257,0.4570508617168242
0.3886342175794311,0.363230187782691,0.4613005932124161
0.3929728472017257,0.3675769868040162,0.4655121997160649
0.3972818369335285,0.3718974891902661,0.4696866950572308
0.4015619040354621,0.3761923112703778,0.4738250488634185
0.4058137363811954,0.3804620445790134,0.4779281892133097
0.4100379941377161,0.3847072572562955,0.4819970050885385
0.4142353113232016,0.3889284953465656,0.4860323486424843
0.4184062972532596,0.3931262840049815,0.4900350373025013
0.4225515378852044,0.3973011286198705,0.494005855720296
0.4266715970690589,0.4014535158579627,0.4979455575836481
0.430767017713105,0.4055839146389209,0.501854867301337
0.434838322871044,0.4096927770449647,0.5057344815719587
0.4388860167571405,0.4137805391708248,0.5095850708462624
0.4429105856951254,0.4178476219187739,0.5134072806917148
0.4469124990060857,0.4218944317430361,0.5172017330671622
0.4508922098400907,0.4259213613474838,0.5209690275147303
0.4548501559558711,0.4299287903401779,0.5247097422754342
0.4587867604524799,0.4339170858479896,0.5284244353343871
0.4627024324565165,0.4378866030942572,0.5321136454009607
0.466597567768184,0.441837685942177,0.5357778928287813
0.4704725494691661,0.4457706674063951,0.5394176804800134
0.4743277484950598,0.4496858701350596,0.5430334945380008
0.4781635241748671,0.4535836068644035,0.5466258052719893
0.4819802247398446,0.4574641808477617,0.5501950677573386
0.4857781878038201,0.4613278862607647,0.5537417225543501
0.4895577408169179,0.465175008584321,0.5572661963485827
0.4933192014944765,0.4690058249668635,0.5607689025552931
0.4970628782228058,0.4728206045672264,0.5642502418904265
0.5007890704432986,0.4766196088794118,0.567710602910395
0.5044980690163007,0.4804030920404072,0.5711503625227033
0.5081901565660308,0.4841713011221309,0.5745698864693243
0.5118656078077508,0.4879244764085,0.5779695297845795
0.5155246898582921,0.4916628516585418,0.5813496372291526
0.5191676625309704,0.4953866543564069,0.5847105437017359
0.5227947786158367,0.499096105949073,0.5880525746297054
0.5264062841461545,0.5027914220724805,0.5913760463401143
0.5300024186519219,0.5064728127667825,0.5946812664122044
0.5335834154012064,0.5101404826813479,0.5979685340125489
0.5371495016300016,0.5137946312701119,0.6012381402138606
0.5407008987612717,0.5174354529778251,0.6044903682984282
0.5442378226137987,0.5210631374177195,0.6077254940470787
0.5477604836014126,0.5246778695410718,0.6109437860144989
0.5512690869231395,0.5282798297991151,0.6141455057916974
0.5547638327447736,0.531869194297718,0.6173309082563301
0.5582449163723416,0.5354461349452242,0.6205002418115733
0.5617125284179001,0.5390108195938252,0.6236537486141739
0.5651668549580781,0.5425634121748042,0.6267916647922733
0.5686080776857507,0.5461040728279802,0.6299142206535575
0.5720363740552062,0.5496329580256526,0.6330216408842555
0.5754519174211444,0.5531502206913321,0.6361141447394724
0.5788548771718277,0.5566560103135246,0.6391919462253137
0.5822454188566819,0.5601504730548199,0.6422552542732302
0.585623704308629,0.5636337518565205,0.6453042729069843
0.5889898917614168,0.5671059865390338,0.648339201402619
0.5923441359621944,0.5705673138982356,0.6513602344417809
0.5956865882795672,0.5740178677980033,0.6543675622587346
0.5990173968073527,0.577457779259104,0.6573613707813813
0.6023367064642459,0.580887176544611,0.6603418417665796
0.6056446590895899,0.5843061852420172,0.6633091529300444
0.608941393535437,0.5877149283421984,0.6662634780710908
0.6122270457550749,0.5911135263153752,0.6692049871924675
0.6155017488881854,0.5945020971842123,0.6721338466155168
0.6187656333427874,0.5978807565941869,0.6750502190908805
0.6220188268741167,0.6012496178813507,0.6779542639049596
0.6252614546605785,0.6046087921376025,0.6808461369823283
0.6284936393769067,0.6079583882735856,0.6837259909842853
0.6317155012646551,0.6112985130793109,0.6865939754037215
0.6349271582001381,0.6146292712826108,0.6894502366564691
0.6381287257599331,0.6179507656055153,0.6922949181692918
0.6413203172840535,0.6212630968186428,0.6951281604646656
0.6445020439368907,0.6245663637936884,0.6979501012424912
0.6476740147660217,0.6278606635540935,0.7007608754588733
0.6508363367589737,0.6311460913239719,0.7035606154020954
0.6539891148980335,0.6344227405753661,0.706349450765909
0.6571324522131801,0.6376907030739035,0.7091275087202552
0.6602664498332234,0.6409500689229194,0.7118949139795246
0.6633912070352191,0.6442009266061073,0.7146517888684623
0.666506821292234,0.6474433630287598,0.7173982533858148
0.6696133883195247,0.6506774635576534,0.7201344252658133
0.6727110021191991,0.6539033120596357,0.722860420037583
0.6757997550234173,0.6571209909389624,0.7255763510825622
0.6788797377361914,0.6603305811734367,0.7282823296900128
0.6819510393738407,0.6635321623493963,0.7309784651106999
0.6850137475041534,0.6667258126955939,0.7336648646088116
0.6880679481843061,0.6699116091160132,0.7363416335121923
0.691113725997589,0.6730896272216614,0.7390088752609523
0.6941511640889827,0.6762599413613777,0.7416666914545202
0.6971803441996307,0.6794226246516945,0.7443151818971979
0.7002013467002478,0.6825777490057868,0.7469544446422747
0.7032142506235075,0.6857253851615452,0.7495845760347578
0.7062191336954431,0.6888656027088015,0.7522056707527714
0.7092160723659012,0.6919984701157427,0.754817821847673
0.7122051418380827,0.6951240547545399,0.7574211207829378
0.7151864160972023,0.6982424229262207,0.7600156574718552
0.7181599679383021,0.7013536398848145,0.7626015203140823
0.7211258689932459,0.7044577698607938,0.7651787962310966
0.7240841897569277,0.7075548760838394,0.7677475707005875
0.7270349996127183,0.7106450208049511,0.7703079277898254
0.7299783668571801,0.713728265317928,0.7728599501880459
0.732914358724074,0.7168046699802407,0.7754037192378836
0.7358430414076841,0.7198742942333155,0.7779393149658903
0.7387644800854836,0.7229371966222508,0.7804668161121685
0.7416787389401638,0.7259934348149863,0.7829863001591528
0.7445858811810497,0.7290430656209433,0.7854978433595688
0.7474859690649214,0.7320861450091521,0.788001520763597
0.7503790639162621,0.7351227281258865,0.7904974062452702
0.7532652261469529,0.7381528693118196,0.7929855725281302
0.7561445152754305,0.7411766221187179,0.7954660912101694
0.759016989945328,0.7441940393256895,0.797939032788081
0.7618827079436153,0.7472051729549984,0.8004044666808415
0.7647417262182538,0.7502100742874621,0.8028624612526477
0.7675941008953838,0.7532087938774442,0.8053130838352297
0.7704398872960583,0.7562013815674556,0.8077564007495607
0.7732791399525374,0.7591878865023763,0.8101924773269824
0.7761119126241586,0.7621683571433105,0.8126213779297673
0.7789382583127954,0.765142841281086,0.8150431659711336
0.7817582292779185,0.7681113860494094,0.8174579039347319
0.7845718770512704,0.7710740379376884,0.8198656533936208
0.7873792524511665,0.774030842803529,0.8222664750287465
0.790180405596435,0.7769818458849223,0.8246604286469433
0.7929753859200055,0.7799270918121254,0.82704757319847
0.7957642421821568,0.7828666246192486,0.8294279667940951
0.7985470224834365,0.7858004877555576,0.8318016667217484
0.8013237742772595,0.788728724096498,0.8341687294627477
0.8040945443821982,0.7916513759544522,0.8365292107076183
0.80685937899397,0.7945684850892352,0.8388831653715146
0.8096183236971352,0.7974800927183372,0.8412306476092577
0.8123714234765101,0.8003862395269221,0.843571710829999
0.8151187227283072,0.8032869656775864,0.8459064077115239
0.8178602652710067,0.8061823108198878,0.8482347902142023
0.8205960943559717,0.8090723140996486,0.8505569095946007
0.8233262526778096,0.811957014168042,0.8528728164187626
0.8260507823844916,0.8148364491904655,0.8551825605751688
0.8287697250872346,0.8177106568552092,0.8574861912873873
0.8314831218701515,0.8205796743819237,0.8597837571264197
0.8341910132996804,0.823443538529895,0.862075306022755
0.8368934394337942,0.8263022856061286,0.8643608852781386
0.8395904398310005,0.8291559514732516,0.8666405415770652
0.8422820535591353,0.8320045715572355,0.8689143209980013
0.8449683192039579,0.8348481808549465,0.8711822690243484
0.8476492748775507,0.8376868139415256,0.8734444305551514
0.850324958226532,0.8405205049776057,0.875700849915561
0.8529954064400832,0.8433492877163687,0.8779515708670556
0.8556606562577996,0.8461731955104476,0.8801966366174313
0.8583207439773662,0.8489922613186761,0.8824360898305651
0.8609757054620649,0.8518065177126936,0.8846699726359566
0.8636255761481174,0.8546159968834042,0.8868983266380575
0.866270391051868,0.8574207306472985,0.8891211929253909
0.8689101847768108,0.8602207504526388,0.891338612079469
0.8715449915204654,0.8630160873855119,0.8935506241835128
0.8741748450811044,0.8658067721757539,0.8957572688309807
0.8767997788643378,0.8685928352027493,0.8979585851339098
0.8794198258895571,0.8713743065011083,0.9001546117310746
0.8820350187962432,0.8741512157662247,0.9023453867959709
0.8846453898501411,0.8769235923597185,0.9045309480446245
0.8872509709493058,0.8796914653147652,0.906711332743235
0.8898517936300216,0.8824548633413147,0.9088865777156536
0.8924478890725991,0.8852138148312044,0.9110567193507038
0.895039288107051,0.8879683478631657,0.9132217936093453
0.8976260212186536,0.8907184902077301,0.9153818360316885
0.9002081185533922,0.8934642693320353,0.9175368817438608
0.9027856099232968,0.8962057124045343,0.9196869654647296
0.905358524811669,0.8989428462996102,0.9218321215124856
0.9079268923782041,0.9016756976020988,0.9239723838110901
0.9104907414640094,0.9044042926117206,0.9261077858965895
0.9130501005965231,0.9071286573474264,0.9282383609232996
0.9156049979943341,0.9098488175516554,0.9303641416698648
0.9181554615719074,0.9125647986945113,0.9324851605451933
0.9207015189442157,0.9152766259778564,0.9346014495942723
0.9232431974312801,0.9179843243393255,0.9367130405038669
0.9257805240626221,0.9206879184562627,0.9388199646081039
0.9283135255816285,0.9233874327495826,0.940922252893944
0.9308422284498327,0.926082891387556,0.9430199360065465
0.9333666588511121,0.9287743182895252,0.9451130442545266
0.9358868426958059,0.9314617371295469,0.9472016076151092
0.9384028056247536,0.934145171339968,0.9492856557391832
0.940914573013257,0.9368246441149313,0.9513652179562549
0.9434221699749662,0.9395001784138184,0.9534403232793068
0.9459256213656937,0.9421717969646258,0.9555110004095611
0.948424951787155,0.9448395222672801,0.9575772777411524
0.950920185590641,0.9475033765968898,0.9596391833657107
0.9534113468806201,0.9501633820069388,0.9616967450768558
0.9558984595182755,0.9528195603324204,0.9637499903746065
0.9583815471249749,0.9554719331929138,0.9657989464697077
0.9608606330856785,0.9581205219956052,0.967843640287874
0.9633357405522828,0.9607653479382535,0.969884098473954
0.9658068924469041,0.9634064320121029,0.9719203473960176
0.9682741114651028,0.966043795004742,0.9739524131493663
0.9707374200790484,0.9686774575029138,0.9759803215604687
0.9731968405406279,0.9713074398952728,0.9780040981908245
0.9756523948844984,0.9739337623750953,0.9800237683407562
0.9781041049310852,0.976556444942941,0.9820393570531324
0.9805519922895265,0.9791755074092673,0.9840508891170218
0.9829960783605652,0.9817909693969981,0.986058389071282
0.9854363843393911,0.9844028503440474,0.9880618812080825
0.9878729312184312,0.9870111695057997,0.9900613895763646
0.9903057397900932,0.9896159459575462,0.9920569379852389
0.9927348306494589,0.99221719859688,0.994048550007322
0.9951602241969327,0.9948149461460489,0.9960362489820139
0.9975819406408432,0.9974092071542695,0.9980200580187174
1,1,1
