0
0.084275
0.11484
0.13762
0.15648
0.17287
0.18753
0.20089
0.21323
0.22474
0.23556
0.2458
0.25554
0.26483
0.27374
0.2823
0.29056
0.29853
0.30624
0.31372
0.32099
0.32806
0.33494
0.34165
0.34821
0.35461
0.36087
0.36701
0.37301
0.3789
0.38468
0.39035
0.39592
0.4014
0.40678
0.41208
0.4173
0.42243
0.42749
0.43248
0.43739
0.44224
0.44703
0.45175
0.45641
0.46101
0.46555
0.47004
0.47448
0.47887
0.48321
0.4875
0.49174
0.49594
0.5001
0.50421
0.50828
0.51232
0.51631
0.52026
0.52418
0.52806
0.53191
0.53572
0.5395
0.54325
0.54697
0.55065
0.5543
0.55793
0.56152
0.56509
0.56863
0.57214
0.57563
0.57909
0.58252
0.58593
0.58931
0.59268
0.59601
0.59933
0.60262
0.60589
0.60914
0.61236
0.61557
0.61875
0.62192
0.62506
0.62819
0.6313
0.63438
0.63745
0.6405
0.64354
0.64655
0.64955
0.65253
0.65549
0.65844
0.66137
0.66429
0.66719
0.67007
0.67294
0.67579
0.67863
0.68146
0.68427
0.68706
0.68984
0.69261
0.69536
0.6981
0.70083
0.70354
0.70625
0.70893
0.71161
0.71427
0.71692
0.71956
0.72219
0.7248
0.72741
0.73
0.73258
0.73515
0.73771
0.74026
0.74279
0.74532
0.74783
0.75034
0.75283
0.75532
0.75779
0.76026
0.76271
0.76516
0.76759
0.77002
0.77243
0.77484
0.77724
0.77962
0.782
0.78437
0.78674
0.78909
0.79143
0.79377
0.79609
0.79841
0.80072
0.80303
0.80532
0.80761
0.80988
0.81215
0.81441
0.81667
0.81892
0.82115
0.82339
0.82561
0.82783
0.83004
0.83224
0.83443
0.83662
0.8388
0.84097
0.84314
0.8453
0.84745
0.8496
0.85174
0.85387
0.856
0.85812
0.86023
0.86234
0.86444
0.86653
0.86862
0.8707
0.87278
0.87485
0.87691
0.87897
0.88102
0.88306
0.8851
0.88714
0.88917
0.89119
0.8932
0.89522
0.89722
0.89922
0.90122
0.9032
0.90519
0.90717
0.90914
0.91111
0.91307
0.91503
0.91698
0.91892
0.92087
0.9228
0.92473
0.92666
0.92858
0.9305
0.93241
0.93432
0.93622
0.93812
0.94001
0.9419
0.94378
0.94566
0.94753
0.9494
0.95127
0.95313
0.95498
0.95683
0.95868
0.96052
0.96236
0.96419
0.96602
0.96785
0.96967
0.97149
0.9733
0.97511
0.97691
0.97871
0.98051
0.9823
0.98409
0.98587
0.98765
0.98943
0.9912
0.99297
0.99473
0.99649
0.99825
1
