0
0.031993
0.068652
0.10443
0.13382
0.15428
0.168
0.17763
0.1858
0.19497
0.20568
0.21739
0.22956
0.24165
0.2531
0.26356
0.27312
0.28193
0.29012
0.29785
0.30525
0.31248
0.31966
0.32682
0.33393
0.34096
0.34789
0.3547
0.36137
0.36785
0.37414
0.38021
0.38606
0.39172
0.3972
0.40254
0.40774
0.41284
0.41785
0.4228
0.42771
0.43261
0.43751
0.44244
0.4474
0.45237
0.45736
0.46234
0.46731
0.47225
0.47717
0.48204
0.48686
0.49162
0.4963
0.5009
0.5054
0.50981
0.51414
0.51838
0.52255
0.52666
0.53069
0.53467
0.5386
0.54249
0.54633
0.55014
0.55391
0.55767
0.56141
0.56514
0.56886
0.57257
0.57627
0.57996
0.58364
0.5873
0.59095
0.59458
0.59819
0.60178
0.60534
0.60889
0.6124
0.61589
0.61935
0.62279
0.62618
0.62955
0.63288
0.63618
0.63945
0.64268
0.64589
0.64907
0.65223
0.65535
0.65846
0.66153
0.66459
0.66763
0.67064
0.67364
0.67662
0.67958
0.68252
0.68545
0.68837
0.69127
0.69417
0.69705
0.69991
0.70277
0.70561
0.70843
0.71125
0.71404
0.71682
0.71958
0.72233
0.72506
0.72778
0.73047
0.73315
0.7358
0.73844
0.74106
0.74366
0.74623
0.74879
0.75132
0.75384
0.75633
0.75879
0.76124
0.76367
0.76607
0.76846
0.77083
0.77318
0.77551
0.77783
0.78012
0.78241
0.78468
0.78693
0.78917
0.79139
0.7936
0.7958
0.79799
0.80017
0.80233
0.80449
0.80664
0.80877
0.8109
0.81302
0.81514
0.81725
0.81935
0.82144
0.82353
0.8256
0.82767
0.82974
0.83179
0.83383
0.83587
0.8379
0.83991
0.84192
0.84391
0.84589
0.84787
0.84983
0.85177
0.85371
0.85563
0.85754
0.85944
0.86132
0.86319
0.86505
0.86689
0.86871
0.87052
0.87231
0.87409
0.87585
0.8776
0.87933
0.88104
0.88273
0.88442
0.88608
0.88774
0.88939
0.89102
0.89265
0.89426
0.89587
0.89748
0.89908
0.90068
0.90227
0.90386
0.90546
0.90705
0.90865
0.91025
0.91185
0.91346
0.91507
0.91669
0.91832
0.91996
0.92161
0.92327
0.92494
0.92663
0.92833
0.93005
0.93179
0.93354
0.93532
0.93711
0.93892
0.94076
0.94262
0.94451
0.94642
0.94836
0.95033
0.95232
0.95435
0.9564
0.95849
0.96061
0.96277
0.96496
0.96719
0.96946
0.97177
0.97411
0.9765
0.97893
0.9814
0.98391
0.98648
0.98908
0.99174
0.99444
0.9972
1
